Accuracy : 0.9473684210526315
Precision : 0.9256198347107438